All-R-PGLa(Nle) 1:50 DMPC 328K                                                                      |79|107|0.6|14|10
|9|1|1|0.3
|10|1|1|3.2
|13|1|1|7.6
|14|1|1|-4.1
|18|1|1|-3.3
|9|0|1|-4.6
|10|0|1|4.8
|13|0|1|-3.6
|14|0|1|4.1
|18|0|1|-1.8
|5|2|0|-3.6
|12|2|0|-5.3
|15|2|0|7
|19|2|0|0
All-R-PGLa(Nle) 1:50 DMPC 303K                                                                      |129|108|0.73|14|1
|9|1|0|-5.2
|10|1|0|-3.4
|13|1|0|-2.5
|14|1|0|-5.6
|18|1|0|0.9
|9||9|0|0|-3.8
|10|0|1|999
|13|0|0|-4.9
|14|0|0|-4.9
|18|0|0|-6.1
|5|2|0|-2.8
|12|2|0|-5.7
|15|2|0|-4
|19|2|0|-4.8
